[0.0, 0.00874125874125874, 0.017649017649017648, 0.026784326784326785, 0.03591963591963592, 0.04522699522699522, 0.05520590520590521, 0.0648018648018648, 0.07475302475302477, 0.08493173493173493, 0.09522144522144521, 0.10604395604395603, 0.11688866688866688, 0.1281218781218781, 0.13971028971028973]
[0.007733932733932733, 0.015545565545565545, 0.023495948495948497, 0.03157120657120657, 0.03974358974358974, 0.04790487290487291, 0.05655455655455655, 0.06515151515151515, 0.07394549894549896, 0.08286158286158286, 0.09208846708846709, 0.10135142635142635, 0.11086691086691088, 0.12058774558774558, 0.1305971805971806]
[0.013847263847263848, 0.020951270951270952, 0.028055278055278056, 0.035381285381285384, 0.04279054279054279, 0.05011655011655012, 0.057747807747807745, 0.06543456543456544, 0.0732933732933733, 0.08134643134643134, 0.08931068931068932, 0.09761349761349761, 0.10611055611055611, 0.11462981462981461, 0.12337107337107336]
[0.018825618825618826, 0.025263625263625262, 0.031757131757131754, 0.03840326340326341, 0.04513264513264514, 0.051862026862026865, 0.058716283716283714, 0.06572316572316574, 0.07278554778554779, 0.07991730491730492, 0.08724608724608725, 0.09464146964146963, 0.10216172716172717, 0.10987623487623488, 0.11768786768786768]
[0.02296037296037296, 0.028843378843378842, 0.03483738483738484, 0.04080364080364081, 0.047075147075147074, 0.05320790320790321, 0.05950715950715951, 0.06583416583416583, 0.07229992229992228, 0.07882117882117881, 0.08542568542568542, 0.09222444222444222, 0.09907869907869908, 0.10598845598845599, 0.1130924630924631]
[0.026451326451326453, 0.03193195693195693, 0.03746808746808746, 0.04294871794871795, 0.048637473637473644, 0.05436785436785437, 0.06015373515373516, 0.066008991008991, 0.07183649683649684, 0.07784437784437785, 0.08397713397713398, 0.09016539016539016, 0.09638139638139638, 0.1026945276945277, 0.10913253413253414]
[0.02943167943167943, 0.03450993450993451, 0.0396991896991897, 0.0448051948051948, 0.05002220002220002, 0.05535020535020535, 0.060622710622710616, 0.06622821622821623, 0.0714174714174714, 0.07713397713397714, 0.08268398268398269, 0.08837273837273837, 0.09406149406149406, 0.0998889998889999, 0.10577200577200577]
[0.031998556998557, 0.0367021867021867, 0.041530691530691534, 0.046331446331446334, 0.05122932622932624, 0.05614108114108114, 0.061080586080586086, 0.06631146631146631, 0.07112609612609612, 0.07646797646797646, 0.08157398157398157, 0.0868048618048618, 0.09216061716061716, 0.09753024753024753, 0.103010878010878]
[0.03425463425463426, 0.038583638583638585, 0.04316239316239316, 0.047657897657897665, 0.052236652236652234, 0.05684315684315684, 0.06144966144966144, 0.06641691641691641, 0.07085692085692084, 0.07582417582417582, 0.0805971805971806, 0.08548118548118548, 0.0905039405039405, 0.09552669552669552, 0.1006049506049506]
[0.036247086247086245, 0.04032634032634033, 0.044572094572094566, 0.048859473859473854, 0.05314685314685315, 0.05747585747585748, 0.06173548673548674, 0.06642524142524142, 0.07065712065712067, 0.07524975024975025, 0.07977300477300478, 0.08437950937950937, 0.08901376401376403, 0.09371739371739372, 0.09842102342102342]
[0.03810633810633811, 0.04193584193584193, 0.04584859584859585, 0.049927849927849925, 0.05392385392385392, 0.058086358086358085, 0.061999111999112, 0.06641136641136641, 0.07043512043512043, 0.07476412476412476, 0.07903762903762905, 0.08336663336663337, 0.08761238761238761, 0.09210789210789212, 0.09643689643689644]
[0.039926739926739924, 0.043381618381618386, 0.047086247086247084, 0.050874125874125875, 0.05466200466200466, 0.05857475857475858, 0.06232101232101232, 0.0664002664002664, 0.07022977022977023, 0.07432289932289933, 0.07827727827727828, 0.08235653235653234, 0.0863941613941614, 0.09055666555666556, 0.09463591963591964]
[0.04170274170274171, 0.04478299478299479, 0.048279498279498276, 0.05177600177600177, 0.055355755355755355, 0.05901875901875902, 0.0625985125985126, 0.06634476634476634, 0.0700910200910201, 0.07383727383727383, 0.07758352758352759, 0.08141303141303141, 0.08524253524253524, 0.08907203907203906, 0.0929015429015429]
[0.043398268398268394, 0.04622877122877123, 0.04939227439227439, 0.05268065268065268, 0.05601065601065601, 0.059465534465534466, 0.06283716283716284, 0.06633366633366633, 0.06987179487179487, 0.07340992340992342, 0.0769064269064269, 0.08052780552780553, 0.0841075591075591, 0.0876873126873127, 0.09114219114219113]
[0.04509379509379509, 0.04767454767454767, 0.05050505050505051, 0.05358530358530359, 0.05666555666555667, 0.05991230991230991, 0.06307581307581307, 0.06632256632256632, 0.06965256965256966, 0.07298257298257299, 0.07622932622932622, 0.07964257964257965, 0.08297258297258298, 0.0863025863025863, 0.08938283938283939]
[0.046714396714396714, 0.049003774003774, 0.051626151626151626, 0.05441502941502942, 0.05732878232878233, 0.06032578532578533, 0.06332278832278831, 0.06627816627816628, 0.06948329448329449, 0.07252192252192251, 0.07564380064380063, 0.07876567876567875, 0.08188755688755688, 0.08492618492618492, 0.08775668775668775]
[0.04833499833499833, 0.05033300033300033, 0.05274725274725275, 0.05524475524475524, 0.057992007992008, 0.06073926073926074, 0.06356976356976357, 0.06623376623376624, 0.06931401931401932, 0.07206127206127205, 0.07505827505827506, 0.07788877788877788, 0.0808025308025308, 0.08354978354978354, 0.08613053613053613]
[0.04983349983349983, 0.05162337662337663, 0.05378787878787879, 0.056118881118881116, 0.05857475857475858, 0.06115551115551116, 0.06377788877788879, 0.06627539127539128, 0.06910589410589411, 0.07168664668664668, 0.07443389943389944, 0.0770979020979021, 0.07972027972027973, 0.08225940725940725, 0.08454878454878453]
[0.05133200133200133, 0.05291375291375292, 0.05482850482850483, 0.056993006993006995, 0.05915750915750916, 0.06157176157176158, 0.06398601398601399, 0.06631701631701631, 0.0688977688977689, 0.07131202131202131, 0.07380952380952381, 0.0763070263070263, 0.07863802863802864, 0.08096903096903096, 0.08296703296703298]
[0.052711177711177705, 0.05408480408480408, 0.055791430791430785, 0.057747807747807745, 0.059745809745809744, 0.06191031191031191, 0.0641996891996892, 0.06632256632256632, 0.06873681873681874, 0.07094294594294595, 0.07327394827394827, 0.07552170052170051, 0.0776862026862027, 0.07976745476745477, 0.08155733155733155]
[0.054090354090354086, 0.055255855255855246, 0.05675435675435675, 0.0585026085026085, 0.060334110334110326, 0.06224886224886225, 0.06441336441336441, 0.06632811632811633, 0.06857586857586857, 0.07057387057387057, 0.07273837273837275, 0.07473637473637473, 0.07673437673437675, 0.07856587856587857, 0.08014763014763014]
[0.0553030303030303, 0.05634365634365634, 0.057634032634032634, 0.05921578421578422, 0.060880785880785875, 0.06262903762903763, 0.06458541458541459, 0.06637529137529138, 0.06837329337329337, 0.07024642024642025, 0.07220279720279721, 0.07403429903429902, 0.07582417582417583, 0.07748917748917748, 0.07886280386280387]
[0.05651570651570651, 0.05743145743145743, 0.05851370851370851, 0.05992895992895993, 0.06142746142746142, 0.06300921300921301, 0.06475746475746476, 0.06642246642246642, 0.06817071817071817, 0.06991896991896993, 0.07166722166722167, 0.07333222333222332, 0.07491397491397492, 0.07641247641247641, 0.07757797757797757]
[0.05758408258408258, 0.05833333333333333, 0.05933233433233433, 0.060539460539460535, 0.06191308691308691, 0.06332833832833833, 0.06491008991008991, 0.06645021645021645, 0.06803196803196802, 0.06961371961371961, 0.07119547119547119, 0.07269397269397268, 0.07415084915084914, 0.07544122544122543, 0.07648185148185148]
[0.05865245865245865, 0.05923520923520923, 0.06015096015096015, 0.06114996114996115, 0.06239871239871239, 0.06364746364746365, 0.06506271506271506, 0.06647796647796647, 0.0678932178932179, 0.0693084693084693, 0.07072372072372071, 0.07205572205572204, 0.07338772338772337, 0.07446997446997447, 0.07538572538572538]
[0.05957098457098458, 0.06007048507048507, 0.060819735819735814, 0.06173548673548674, 0.0628177378177378, 0.06394161394161395, 0.06519036519036518, 0.06652236652236652, 0.06772949272949272, 0.06906149406149406, 0.0703102453102453, 0.07151737151737152, 0.07268287268287267, 0.07364024864024864, 0.07438949938949939]
[0.0604895104895105, 0.0609057609057609, 0.061488511488511484, 0.06232101232101232, 0.06323676323676324, 0.06423576423576424, 0.06531801531801532, 0.06656676656676656, 0.06756576756576756, 0.06881451881451882, 0.06989676989676988, 0.07097902097902098, 0.07197802197802197, 0.0728105228105228, 0.07339327339327338]
[0.061238761238761236, 0.06157176157176158, 0.06207126207126207, 0.06277888777888778, 0.06361138861138861, 0.06448551448551448, 0.06544289044289044, 0.06656676656676656, 0.06748251748251748, 0.06856476856476856, 0.06956376956376957, 0.07052114552114552, 0.0713952713952714, 0.0721028971028971, 0.0726023976023976]
[0.06198801198801199, 0.06223776223776224, 0.06265401265401264, 0.06323676323676325, 0.06398601398601397, 0.06473526473526474, 0.06556776556776557, 0.06656676656676656, 0.0673992673992674, 0.06831501831501831, 0.06923076923076923, 0.07006327006327007, 0.07081252081252082, 0.0713952713952714, 0.07181152181152181]
[0.0626040626040626, 0.06281218781218781, 0.06314518814518814, 0.06364468864468864, 0.06426906426906426, 0.06497668997668998, 0.06568431568431568, 0.06655844155844155, 0.0673076923076923, 0.06814019314019314, 0.06893106893106894, 0.06968031968031968, 0.07030469530469531, 0.07080419580419581, 0.07113719613719614]
[0.06322011322011321, 0.06338661338661339, 0.06363636363636363, 0.06405261405261405, 0.06455211455211454, 0.06521811521811523, 0.06580086580086579, 0.06655011655011656, 0.0672161172161172, 0.06796536796536796, 0.06863136863136865, 0.0692973692973693, 0.06979686979686979, 0.0702131202131202, 0.07046287046287047]
[0.06370296370296369, 0.06382783882783882, 0.06403596403596404, 0.06436896436896436, 0.06482683982683982, 0.06536796536796537, 0.0659090909090909, 0.06653346653346653, 0.06715784215784215, 0.06782384282384282, 0.06840659340659341, 0.06894771894771895, 0.0694055944055944, 0.06973859473859474, 0.06994671994671996]
[0.06418581418581418, 0.06426906426906426, 0.06443556443556445, 0.06468531468531467, 0.06510156510156509, 0.0655178155178155, 0.066017316017316, 0.0665168165168165, 0.0670995670995671, 0.06768231768231768, 0.06818181818181818, 0.06859806859806859, 0.06901431901431901, 0.06926406926406928, 0.06943056943056942]
[0.06455211455211456, 0.06463536463536462, 0.06476023976023976, 0.06496836496836497, 0.0653013653013653, 0.06567599067599067, 0.06609224109224109, 0.06655011655011654, 0.06704961704961705, 0.06754911754911755, 0.06796536796536795, 0.06833999333999334, 0.06867299367299368, 0.06888111888111889, 0.069005994005994]
[0.06491841491841492, 0.065001665001665, 0.06508491508491507, 0.06525141525141526, 0.0655011655011655, 0.06583416583416583, 0.06616716616716617, 0.06658341658341659, 0.066999666999667, 0.06741591741591743, 0.06774891774891774, 0.06808191808191807, 0.06833166833166834, 0.06849816849816849, 0.06858141858141857]
[0.06520979020979022, 0.06525141525141524, 0.06533466533466532, 0.06545954045954046, 0.06566766566766567, 0.06595904095904095, 0.06625041625041625, 0.06658341658341659, 0.06695804195804196, 0.0672910422910423, 0.06758241758241758, 0.06787379287379287, 0.06808191808191809, 0.0682067932067932, 0.06829004329004329]
[0.0655011655011655, 0.0655011655011655, 0.06558441558441558, 0.06566766566766566, 0.06583416583416585, 0.06608391608391607, 0.06633366633366633, 0.06658341658341657, 0.06691641691641691, 0.06716616716616718, 0.0674159174159174, 0.06766566766566767, 0.06783216783216782, 0.0679154179154179, 0.06799866799866801]
[0.06571484071484071, 0.06571484071484071, 0.06575646575646575, 0.06583971583971583, 0.06596459096459097, 0.06617271617271617, 0.06638084138084138, 0.06658896658896657, 0.06688034188034188, 0.06708846708846708, 0.0672965922965923, 0.06750471750471751, 0.06762959262959262, 0.06771284271284271, 0.06775446775446776]
[0.06592851592851592, 0.06592851592851592, 0.06592851592851592, 0.066011766011766, 0.06609501609501608, 0.06626151626151627, 0.06642801642801642, 0.0665945165945166, 0.06684426684426684, 0.067010767010767, 0.06717726717726719, 0.06734376734376733, 0.06742701742701741, 0.06751026751026752, 0.06751026751026752]
[0.06606449106449107, 0.06606449106449107, 0.06606449106449107, 0.06610611610611611, 0.06618936618936617, 0.06631424131424131, 0.06648074148074148, 0.0666056166056166, 0.0668137418137418, 0.06693861693861694, 0.06710511710511712, 0.06722999222999222, 0.0673132423132423, 0.06735486735486736, 0.06735486735486736]
[0.0662004662004662, 0.0662004662004662, 0.0662004662004662, 0.0662004662004662, 0.06628371628371628, 0.06636696636696636, 0.06653346653346653, 0.06661671661671661, 0.06678321678321678, 0.06686646686646688, 0.06703296703296703, 0.06711621711621711, 0.06719946719946719, 0.06719946719946719, 0.06719946719946719]
[0.0662975912975913, 0.0662975912975913, 0.0662975912975913, 0.0662975912975913, 0.06633921633921634, 0.06642246642246641, 0.06654734154734154, 0.06663059163059164, 0.06675546675546676, 0.06683871683871685, 0.06696359196359196, 0.06704684204684204, 0.06708846708846708, 0.06708846708846708, 0.06708846708846708]
[0.06639471639471639, 0.06639471639471639, 0.06639471639471639, 0.06639471639471639, 0.06639471639471639, 0.06647796647796647, 0.06656121656121655, 0.06664446664446666, 0.06672771672771674, 0.06681096681096681, 0.06689421689421689, 0.06697746697746697, 0.06697746697746697, 0.06697746697746697, 0.06697746697746697]
[0.06645299145299145, 0.06645299145299145, 0.06645299145299145, 0.06645299145299145, 0.06645299145299145, 0.06649461649461649, 0.06657786657786657, 0.06666111666111667, 0.0667027417027417, 0.06678599178599179, 0.06686924186924187, 0.06691086691086691, 0.06691086691086691, 0.06691086691086691, 0.06691086691086691]
[0.06651126651126651, 0.06651126651126651, 0.06651126651126651, 0.06651126651126651, 0.06651126651126651, 0.06651126651126651, 0.0665945165945166, 0.06667776667776666, 0.06667776667776666, 0.06676101676101677, 0.06684426684426685, 0.06684426684426685, 0.06684426684426685, 0.06684426684426685, 0.06684426684426685]
[0.06655011655011656, 0.06655011655011656, 0.06655011655011656, 0.06655011655011656, 0.06655011655011656, 0.06655011655011656, 0.06659174159174158, 0.06667499167499166, 0.06667499167499166, 0.06675824175824176, 0.0667998667998668, 0.0667998667998668, 0.0667998667998668, 0.0667998667998668, 0.0667998667998668]
[0.06658896658896658, 0.06658896658896658, 0.06658896658896658, 0.06658896658896658, 0.06658896658896658, 0.06658896658896658, 0.06658896658896658, 0.06667221667221666, 0.06667221667221666, 0.06675546675546674, 0.06675546675546674, 0.06675546675546674, 0.06675546675546674, 0.06675546675546674, 0.06675546675546674]
[0.0666083916083916, 0.0666083916083916, 0.0666083916083916, 0.0666083916083916, 0.0666083916083916, 0.0666083916083916, 0.0666083916083916, 0.06665001665001664, 0.06669164169164168, 0.06673326673326672, 0.06673326673326672, 0.06673326673326672, 0.06673326673326672, 0.06673326673326672, 0.06673326673326672]
[0.06662781662781662, 0.06662781662781662, 0.06662781662781662, 0.06662781662781662, 0.06662781662781662, 0.06662781662781662, 0.06662781662781662, 0.06662781662781662, 0.0667110667110667, 0.0667110667110667, 0.0667110667110667, 0.0667110667110667, 0.0667110667110667, 0.0667110667110667, 0.0667110667110667]
[0.06664724164724165, 0.06664724164724165, 0.06664724164724165, 0.06664724164724165, 0.06664724164724165, 0.06664724164724165, 0.06664724164724165, 0.06664724164724165, 0.06668886668886669, 0.06668886668886669, 0.06668886668886669, 0.06668886668886669, 0.06668886668886669, 0.06668886668886669, 0.06668886668886669]
['1/15', '1/15', '1/15', '1/15', '1/15', '1/15', '1/15', '1/15', '1/15', '1/15', '1/15', '1/15', '1/15', '1/15', '1/15']
['1/15', '1/15', '1/15', '1/15', '1/15', '1/15', '1/15', '1/15', '1/15', '1/15', '1/15', '1/15', '1/15', '1/15', '1/15']
['1/15', '1/15', '1/15', '1/15', '1/15', '1/15', '1/15', '1/15', '1/15', '1/15', '1/15', '1/15', '1/15', '1/15', '1/15']
['1/15', '1/15', '1/15', '1/15', '1/15', '1/15', '1/15', '1/15', '1/15', '1/15', '1/15', '1/15', '1/15', '1/15', '1/15']
['1/15', '1/15', '1/15', '1/15', '1/15', '1/15', '1/15', '1/15', '1/15', '1/15', '1/15', '1/15', '1/15', '1/15', '1/15']
['1/15', '1/15', '1/15', '1/15', '1/15', '1/15', '1/15', '1/15', '1/15', '1/15', '1/15', '1/15', '1/15', '1/15', '1/15']
['1/15', '1/15', '1/15', '1/15', '1/15', '1/15', '1/15', '1/15', '1/15', '1/15', '1/15', '1/15', '1/15', '1/15', '1/15']
['1/15', '1/15', '1/15', '1/15', '1/15', '1/15', '1/15', '1/15', '1/15', '1/15', '1/15', '1/15', '1/15', '1/15', '1/15']
['1/15', '1/15', '1/15', '1/15', '1/15', '1/15', '1/15', '1/15', '1/15', '1/15', '1/15', '1/15', '1/15', '1/15', '1/15']
['1/15', '1/15', '1/15', '1/15', '1/15', '1/15', '1/15', '1/15', '1/15', '1/15', '1/15', '1/15', '1/15', '1/15', '1/15']
['1/15', '1/15', '1/15', '1/15', '1/15', '1/15', '1/15', '1/15', '1/15', '1/15', '1/15', '1/15', '1/15', '1/15', '1/15']
['1/15', '1/15', '1/15', '1/15', '1/15', '1/15', '1/15', '1/15', '1/15', '1/15', '1/15', '1/15', '1/15', '1/15', '1/15']
['1/15', '1/15', '1/15', '1/15', '1/15', '1/15', '1/15', '1/15', '1/15', '1/15', '1/15', '1/15', '1/15', '1/15', '1/15']
['1/15', '1/15', '1/15', '1/15', '1/15', '1/15', '1/15', '1/15', '1/15', '1/15', '1/15', '1/15', '1/15', '1/15', '1/15']
['1/15', '1/15', '1/15', '1/15', '1/15', '1/15', '1/15', '1/15', '1/15', '1/15', '1/15', '1/15', '1/15', '1/15', '1/15']
['1/15', '1/15', '1/15', '1/15', '1/15', '1/15', '1/15', '1/15', '1/15', '1/15', '1/15', '1/15', '1/15', '1/15', '1/15']
['1/15', '1/15', '1/15', '1/15', '1/15', '1/15', '1/15', '1/15', '1/15', '1/15', '1/15', '1/15', '1/15', '1/15', '1/15']
['1/15', '1/15', '1/15', '1/15', '1/15', '1/15', '1/15', '1/15', '1/15', '1/15', '1/15', '1/15', '1/15', '1/15', '1/15']
['1/15', '1/15', '1/15', '1/15', '1/15', '1/15', '1/15', '1/15', '1/15', '1/15', '1/15', '1/15', '1/15', '1/15', '1/15']
['1/15', '1/15', '1/15', '1/15', '1/15', '1/15', '1/15', '1/15', '1/15', '1/15', '1/15', '1/15', '1/15', '1/15', '1/15']
['1/15', '1/15', '1/15', '1/15', '1/15', '1/15', '1/15', '1/15', '1/15', '1/15', '1/15', '1/15', '1/15', '1/15', '1/15']
['1/15', '1/15', '1/15', '1/15', '1/15', '1/15', '1/15', '1/15', '1/15', '1/15', '1/15', '1/15', '1/15', '1/15', '1/15']
['1/15', '1/15', '1/15', '1/15', '1/15', '1/15', '1/15', '1/15', '1/15', '1/15', '1/15', '1/15', '1/15', '1/15', '1/15']
['1/15', '1/15', '1/15', '1/15', '1/15', '1/15', '1/15', '1/15', '1/15', '1/15', '1/15', '1/15', '1/15', '1/15', '1/15']
['1/15', '1/15', '1/15', '1/15', '1/15', '1/15', '1/15', '1/15', '1/15', '1/15', '1/15', '1/15', '1/15', '1/15', '1/15']
['1/15', '1/15', '1/15', '1/15', '1/15', '1/15', '1/15', '1/15', '1/15', '1/15', '1/15', '1/15', '1/15', '1/15', '1/15']
['1/15', '1/15', '1/15', '1/15', '1/15', '1/15', '1/15', '1/15', '1/15', '1/15', '1/15', '1/15', '1/15', '1/15', '1/15']
['1/15', '1/15', '1/15', '1/15', '1/15', '1/15', '1/15', '1/15', '1/15', '1/15', '1/15', '1/15', '1/15', '1/15', '1/15']
['1/15', '1/15', '1/15', '1/15', '1/15', '1/15', '1/15', '1/15', '1/15', '1/15', '1/15', '1/15', '1/15', '1/15', '1/15']
['1/15', '1/15', '1/15', '1/15', '1/15', '1/15', '1/15', '1/15', '1/15', '1/15', '1/15', '1/15', '1/15', '1/15', '1/15']
['1/15', '1/15', '1/15', '1/15', '1/15', '1/15', '1/15', '1/15', '1/15', '1/15', '1/15', '1/15', '1/15', '1/15', '1/15']
['1/15', '1/15', '1/15', '1/15', '1/15', '1/15', '1/15', '1/15', '1/15', '1/15', '1/15', '1/15', '1/15', '1/15', '1/15']
['1/15', '1/15', '1/15', '1/15', '1/15', '1/15', '1/15', '1/15', '1/15', '1/15', '1/15', '1/15', '1/15', '1/15', '1/15']
['1/15', '1/15', '1/15', '1/15', '1/15', '1/15', '1/15', '1/15', '1/15', '1/15', '1/15', '1/15', '1/15', '1/15', '1/15']
['1/15', '1/15', '1/15', '1/15', '1/15', '1/15', '1/15', '1/15', '1/15', '1/15', '1/15', '1/15', '1/15', '1/15', '1/15']
['1/15', '1/15', '1/15', '1/15', '1/15', '1/15', '1/15', '1/15', '1/15', '1/15', '1/15', '1/15', '1/15', '1/15', '1/15']
['1/15', '1/15', '1/15', '1/15', '1/15', '1/15', '1/15', '1/15', '1/15', '1/15', '1/15', '1/15', '1/15', '1/15', '1/15']
['1/15', '1/15', '1/15', '1/15', '1/15', '1/15', '1/15', '1/15', '1/15', '1/15', '1/15', '1/15', '1/15', '1/15', '1/15']
['1/15', '1/15', '1/15', '1/15', '1/15', '1/15', '1/15', '1/15', '1/15', '1/15', '1/15', '1/15', '1/15', '1/15', '1/15']
['1/15', '1/15', '1/15', '1/15', '1/15', '1/15', '1/15', '1/15', '1/15', '1/15', '1/15', '1/15', '1/15', '1/15', '1/15']
['1/15', '1/15', '1/15', '1/15', '1/15', '1/15', '1/15', '1/15', '1/15', '1/15', '1/15', '1/15', '1/15', '1/15', '1/15']
['1/15', '1/15', '1/15', '1/15', '1/15', '1/15', '1/15', '1/15', '1/15', '1/15', '1/15', '1/15', '1/15', '1/15', '1/15']
['1/15', '1/15', '1/15', '1/15', '1/15', '1/15', '1/15', '1/15', '1/15', '1/15', '1/15', '1/15', '1/15', '1/15', '1/15']
['1/15', '1/15', '1/15', '1/15', '1/15', '1/15', '1/15', '1/15', '1/15', '1/15', '1/15', '1/15', '1/15', '1/15', '1/15']
['1/15', '1/15', '1/15', '1/15', '1/15', '1/15', '1/15', '1/15', '1/15', '1/15', '1/15', '1/15', '1/15', '1/15', '1/15']
['1/15', '1/15', '1/15', '1/15', '1/15', '1/15', '1/15', '1/15', '1/15', '1/15', '1/15', '1/15', '1/15', '1/15', '1/15']
['1/15', '1/15', '1/15', '1/15', '1/15', '1/15', '1/15', '1/15', '1/15', '1/15', '1/15', '1/15', '1/15', '1/15', '1/15']
['1/15', '1/15', '1/15', '1/15', '1/15', '1/15', '1/15', '1/15', '1/15', '1/15', '1/15', '1/15', '1/15', '1/15', '1/15']
['1/15', '1/15', '1/15', '1/15', '1/15', '1/15', '1/15', '1/15', '1/15', '1/15', '1/15', '1/15', '1/15', '1/15', '1/15']
['1/15', '1/15', '1/15', '1/15', '1/15', '1/15', '1/15', '1/15', '1/15', '1/15', '1/15', '1/15', '1/15', '1/15', '1/15']
